I, msk_v1_sim, greschd_v1_sim
I, baseline_greschd_grid, msk_v1_pbc
I, msk_v2_dynamic_zip, msk_v1_zorder, msk_v0_c_array_dynamic, msk_v3_zip_order, baseline_greschd_matrix, int2t_v01_matrix
I, custom_mt_rng
A, 0000, 250, 1, 348
A, 0010, 250, 1, 583
A, 0020, 250, 1, 537
A, 0030, 250, 1, 415
A, 0040, 250, 1, 785
A, 0050, 250, 1, 437
A, 0100, 250, 1, 314
A, 0110, 250, 1, 570
A, 0120, 250, 1, 515
A, 0130, 250, 1, 385
A, 0140, 250, 1, 750
A, 0150, 250, 1, 404
A, 1000, 250, 1, 379
A, 1010, 250, 1, 619
A, 1020, 250, 1, 575
A, 1030, 250, 1, 422
A, 1040, 250, 1, 789
A, 1050, 250, 1, 461
A, 1100, 250, 1, 375
A, 1110, 250, 1, 598
A, 1120, 250, 1, 559
A, 1130, 250, 1, 394
A, 1140, 250, 1, 766
A, 1150, 250, 1, 424
B, 0100, 250, 1, 314
A, 0000, 500, 1, 650
A, 0010, 500, 1, 644
A, 0020, 500, 1, 572
A, 0030, 500, 1, 598
A, 0040, 500, 1, 1024
A, 0050, 500, 1, 734
A, 0100, 500, 1, 545
A, 0110, 500, 1, 614
A, 0120, 500, 1, 574
A, 0130, 500, 1, 569
A, 0140, 500, 1, 1010
A, 0150, 500, 1, 659
A, 1000, 500, 1, 611
A, 1010, 500, 1, 676
A, 1020, 500, 1, 620
A, 1030, 500, 1, 621
A, 1040, 500, 1, 1003
A, 1050, 500, 1, 703
A, 1100, 500, 1, 595
A, 1110, 500, 1, 651
A, 1120, 500, 1, 582
A, 1130, 500, 1, 597
A, 1140, 500, 1, 997
A, 1150, 500, 1, 661
B, 0100, 500, 1, 545
A, 0000, 900, 1, 669
A, 0010, 900, 1, 660
A, 0020, 900, 1, 591
A, 0030, 900, 1, 635
A, 0040, 900, 1, 1432
A, 0050, 900, 1, 736
A, 0100, 900, 1, 578
A, 0110, 900, 1, 636
A, 0120, 900, 1, 578
A, 0130, 900, 1, 605
A, 0140, 900, 1, 1335
A, 0150, 900, 1, 699
A, 1000, 900, 1, 712
A, 1010, 900, 1, 688
A, 1020, 900, 1, 617
A, 1030, 900, 1, 650
A, 1040, 900, 1, 1333
A, 1050, 900, 1, 734
A, 1100, 900, 1, 621
A, 1110, 900, 1, 666
A, 1120, 900, 1, 610
A, 1130, 900, 1, 630
A, 1140, 900, 1, 1370
A, 1150, 900, 1, 700
B, 0100, 900, 1, 578
A, 0000, 250, 5, 361
A, 0010, 250, 5, 581
A, 0020, 250, 5, 538
A, 0030, 250, 5, 385
A, 0040, 250, 5, 788
A, 0050, 250, 5, 473
A, 0100, 250, 5, 318
A, 0110, 250, 5, 553
A, 0120, 250, 5, 512
A, 0130, 250, 5, 358
A, 0140, 250, 5, 749
A, 0150, 250, 5, 400
A, 1000, 250, 5, 370
A, 1010, 250, 5, 619
A, 1020, 250, 5, 565
A, 1030, 250, 5, 564
A, 1040, 250, 5, 797
A, 1050, 250, 5, 475
A, 1100, 250, 5, 357
A, 1110, 250, 5, 590
A, 1120, 250, 5, 574
A, 1130, 250, 5, 389
A, 1140, 250, 5, 758
A, 1150, 250, 5, 447
B, 0100, 250, 5, 318
A, 0000, 500, 5, 630
A, 0010, 500, 5, 644
A, 0020, 500, 5, 572
A, 0030, 500, 5, 619
A, 0040, 500, 5, 1023
A, 0050, 500, 5, 703
A, 0100, 500, 5, 544
A, 0110, 500, 5, 612
A, 0120, 500, 5, 543
A, 0130, 500, 5, 566
A, 0140, 500, 5, 1001
A, 0150, 500, 5, 659
A, 1000, 500, 5, 597
A, 1010, 500, 5, 668
A, 1020, 500, 5, 590
A, 1030, 500, 5, 614
A, 1040, 500, 5, 989
A, 1050, 500, 5, 702
A, 1100, 500, 5, 586
A, 1110, 500, 5, 667
A, 1120, 500, 5, 573
A, 1130, 500, 5, 590
A, 1140, 500, 5, 991
A, 1150, 500, 5, 664
B, 0120, 500, 5, 543
A, 0000, 900, 5, 691
A, 0010, 900, 5, 661
A, 0020, 900, 5, 589
A, 0030, 900, 5, 635
A, 0040, 900, 5, 1368
A, 0050, 900, 5, 736
A, 0100, 900, 5, 578
A, 0110, 900, 5, 631
A, 0120, 900, 5, 578
A, 0130, 900, 5, 617
A, 0140, 900, 5, 1375
A, 0150, 900, 5, 697
A, 1000, 900, 5, 630
A, 1010, 900, 5, 678
A, 1020, 900, 5, 625
A, 1030, 900, 5, 641
A, 1040, 900, 5, 1343
A, 1050, 900, 5, 741
A, 1100, 900, 5, 622
A, 1110, 900, 5, 655
A, 1120, 900, 5, 603
A, 1130, 900, 5, 622
A, 1140, 900, 5, 1377
A, 1150, 900, 5, 699
B, 0100, 900, 5, 578
A, 0000, 250, 10, 348
A, 0010, 250, 10, 587
A, 0020, 250, 10, 537
A, 0030, 250, 10, 384
A, 0040, 250, 10, 789
A, 0050, 250, 10, 451
A, 0100, 250, 10, 317
A, 0110, 250, 10, 552
A, 0120, 250, 10, 510
A, 0130, 250, 10, 359
A, 0140, 250, 10, 771
A, 0150, 250, 10, 406
A, 1000, 250, 10, 366
A, 1010, 250, 10, 604
A, 1020, 250, 10, 563
A, 1030, 250, 10, 423
A, 1040, 250, 10, 781
A, 1050, 250, 10, 461
A, 1100, 250, 10, 356
A, 1110, 250, 10, 583
A, 1120, 250, 10, 540
A, 1130, 250, 10, 387
A, 1140, 250, 10, 759
A, 1150, 250, 10, 427
B, 0100, 250, 10, 317
A, 0000, 500, 10, 630
A, 0010, 500, 10, 644
A, 0020, 500, 10, 573
A, 0030, 500, 10, 621
A, 0040, 500, 10, 1024
A, 0050, 500, 10, 702
A, 0100, 500, 10, 564
A, 0110, 500, 10, 612
A, 0120, 500, 10, 543
A, 0130, 500, 10, 627
A, 0140, 500, 10, 986
A, 0150, 500, 10, 660
A, 1000, 500, 10, 597
A, 1010, 500, 10, 664
A, 1020, 500, 10, 586
A, 1030, 500, 10, 609
A, 1040, 500, 10, 990
A, 1050, 500, 10, 703
A, 1100, 500, 10, 585
A, 1110, 500, 10, 636
A, 1120, 500, 10, 568
A, 1130, 500, 10, 586
A, 1140, 500, 10, 984
A, 1150, 500, 10, 689
B, 0120, 500, 10, 543
A, 0000, 900, 10, 669
A, 0010, 900, 10, 674
A, 0020, 900, 10, 589
A, 0030, 900, 10, 639
A, 0040, 900, 10, 1369
A, 0050, 900, 10, 738
A, 0100, 900, 10, 579
A, 0110, 900, 10, 647
A, 0120, 900, 10, 578
A, 0130, 900, 10, 606
A, 0140, 900, 10, 1371
A, 0150, 900, 10, 697
A, 1000, 900, 10, 628
A, 1010, 900, 10, 702
A, 1020, 900, 10, 607
A, 1030, 900, 10, 639
A, 1040, 900, 10, 1339
A, 1050, 900, 10, 729
A, 1100, 900, 10, 664
A, 1110, 900, 10, 651
A, 1120, 900, 10, 600
A, 1130, 900, 10, 619
A, 1140, 900, 10, 1375
A, 1150, 900, 10, 697
B, 0120, 900, 10, 578
